hannah_robot_kinetic,hannah_human_kinetic,tracy_robot_kinetic,tracy_human_kinetic,hannah_robot_effort,hannah_human_effort,tracy_robot_effort,tracy_human_effort
24.8067,26.3865,0.0000,0.0000,258.9858,986.6466,0.0000,0.0000
35.0710,35.0984,0.0000,0.0000,200.1742,817.1189,0.0000,0.0000
39.1541,39.4755,0.0000,0.0000,184.5507,848.2222,0.0000,0.0000
41.7680,42.1395,0.0000,0.0000,171.9882,840.2303,0.0000,0.0000
44.2806,44.6617,0.0000,0.0000,168.7644,863.9228,0.0000,0.0000
46.7988,47.2048,0.0000,0.0000,166.6589,900.1602,0.0000,0.0000
49.1911,49.5856,0.0000,0.0000,171.2665,959.4366,0.0000,0.0000
50.6340,51.0128,0.0000,0.0000,176.2569,1006.9586,0.0000,0.0000
55.0073,55.3312,0.0000,0.0000,212.0395,1303.0474,0.0000,0.0000
58.2204,58.9232,0.0000,0.0000,360.6559,1922.6348,0.0000,0.0000
63.0067,62.9735,0.0000,0.0000,444.8388,2232.8219,0.0000,0.0000
75.1034,74.3860,0.0000,0.0000,929.7042,3969.0754,0.0000,0.0000
75.1034,74.3860,0.0000,0.0000,929.7042,3969.0754,0.0000,0.0000
96.6341,90.9147,0.0000,0.0000,2295.7850,8457.3622,0.0000,0.0000
118.6212,112.2670,0.0000,0.0000,8932.2509,30288.3334,0.0000,0.0000
6.5217,8.2415,0.0000,0.0000,3920.7102,8202.8160,0.0000,0.0000
6.5217,8.2415,0.0000,0.0000,3920.7102,8202.8160,0.0000,0.0000
36.2260,22.6438,0.0000,0.0000,9068.9851,25203.2968,0.0000,0.0000
763.9513,812.0406,0.0000,0.0000,12325.1073,55998.4178,0.0000,0.0000
666.0382,683.7937,0.0000,0.0000,2591.8871,23687.0456,0.0000,0.0000
343.9284,348.6754,0.0000,0.0000,6976.3072,29672.4766,0.0000,0.0000
180.4248,190.7232,0.0000,0.0000,4974.5472,16266.2898,0.0000,0.0000
101.9925,108.3146,0.0000,0.0000,3056.8622,9713.4895,0.0000,0.0000
48.6420,23.9221,0.0000,0.0000,1621.3642,3151.8556,0.0000,0.0000
21.9797,23.9221,0.0000,0.0000,915.0833,3151.8556,0.0000,0.0000
6.0755,6.2365,0.0000,0.0000,549.2328,1673.6577,0.0000,0.0000
1.7565,1.8312,0.0000,0.0000,364.7564,838.3202,0.0000,0.0000
4.0523,3.8583,0.0000,0.0000,353.6988,700.0749,0.0000,0.0000
6.4331,6.5267,0.0000,0.0000,369.9540,851.0131,0.0000,0.0000
10.4185,9.8143,0.0000,0.0000,383.6161,929.4094,0.0000,0.0000
13.8905,19.6120,0.0000,0.0000,369.2350,911.1659,0.0000,0.0000
26.2543,26.1229,0.0000,0.0000,247.9438,770.0362,0.0000,0.0000
30.6534,30.9833,0.0000,0.0000,172.5189,602.7975,0.0000,0.0000
33.2124,33.6759,0.0000,0.0000,115.0937,448.7931,0.0000,0.0000
34.7420,35.3541,0.0000,0.0000,86.5090,347.1364,0.0000,0.0000
33.9780,34.6509,0.0000,0.0000,62.5905,329.5859,0.0000,0.0000
31.8996,32.5882,0.0000,0.0000,73.4614,393.0478,0.0000,0.0000
29.9431,30.5954,0.0000,0.0000,85.1875,405.7744,0.0000,0.0000
29.9431,30.5954,0.0000,0.0000,85.1875,405.7744,0.0000,0.0000
27.0796,27.6633,0.0000,0.0000,94.3668,397.3214,0.0000,0.0000
24.5865,25.0948,0.0000,0.0000,93.8967,366.7036,0.0000,0.0000
20.7560,21.1028,0.0000,0.0000,100.3380,324.5330,0.0000,0.0000
19.8568,20.0859,0.0000,0.0000,93.5698,310.8605,0.0000,0.0000
20.0904,20.2090,0.0000,0.0000,44.7216,352.6051,0.0000,0.0000
20.0904,20.2090,0.0000,0.0000,44.7216,352.6051,0.0000,0.0000
2.7649,3.3126,0.0000,0.0000,953.8056,2402.7851,0.0000,0.0000
100.7740,78.9212,0.0000,0.0000,6916.8628,22275.6398,0.0000,0.0000
140.1866,146.8734,0.0000,0.0000,3084.6990,8162.5203,0.0000,0.0000
100.1810,105.7991,0.0000,0.0000,2428.2209,8171.1962,0.0000,0.0000
64.9758,67.2969,0.0000,0.0000,1376.6065,5625.1702,0.0000,0.0000
26.2602,26.5430,0.0000,0.0000,443.4832,2383.2008,0.0000,0.0000
15.1218,15.8745,0.0000,0.0000,268.2968,1572.4417,0.0000,0.0000
15.1218,15.8745,0.0000,0.0000,268.2968,1572.4417,0.0000,0.0000
8.9199,9.0267,0.0000,0.0000,175.0369,1046.2235,0.0000,0.0000
4.2240,4.5322,0.0000,0.0000,101.6907,644.8021,0.0000,0.0000
0.4488,0.5107,0.0000,0.0000,16.3397,104.8172,0.0000,0.0000
0.3889,0.3726,0.0000,0.0000,16.8594,70.4840,0.0000,0.0000
1.1409,1.1155,0.0000,0.0000,29.8646,173.8937,0.0000,0.0000
1.1409,1.1155,0.0000,0.0000,29.8646,173.8937,0.0000,0.0000
1.8121,1.7807,0.0000,0.0000,34.0744,204.0646,0.0000,0.0000
2.9657,3.0187,0.0000,0.0000,36.5055,226.5421,0.0000,0.0000
4.0788,4.0640,0.0000,0.0000,36.0093,220.7212,0.0000,0.0000
5.7842,5.7359,0.0000,0.0000,33.1343,191.9381,0.0000,0.0000
6.4173,6.5029,0.0000,0.0000,27.0148,170.2443,0.0000,0.0000
7.1899,7.2835,0.0000,0.0000,23.5947,127.3161,0.0000,0.0000
7.4999,7.5763,0.0000,0.0000,21.0475,103.1577,0.0000,0.0000
7.6547,7.7417,0.0000,0.0000,19.2918,86.0829,0.0000,0.0000
7.7086,7.8106,0.0000,0.0000,15.8778,53.2715,0.0000,0.0000
7.7086,7.8106,0.0000,0.0000,15.8778,53.2715,0.0000,0.0000
7.6448,7.7504,0.0000,0.0000,14.2885,37.9575,0.0000,0.0000
7.3411,7.4335,0.0000,0.0000,12.0246,46.6301,0.0000,0.0000
6.4936,6.6056,0.0000,0.0000,9.4445,68.8972,0.0000,0.0000
6.0355,6.1109,0.0000,0.0000,6.7168,82.3468,0.0000,0.0000
5.5185,5.5878,0.0000,0.0000,7.0738,83.3380,0.0000,0.0000
4.8635,4.9252,0.0000,0.0000,8.2826,80.4322,0.0000,0.0000
4.3283,3.9323,0.0000,0.0000,9.2998,73.1937,0.0000,0.0000
3.5480,3.6251,0.0000,0.0000,10.4748,69.9023,0.0000,0.0000
3.1494,3.1921,0.0000,0.0000,11.0162,64.6805,0.0000,0.0000
2.4920,2.5273,0.0000,0.0000,11.2003,55.9866,0.0000,0.0000
2.1218,2.1736,0.0000,0.0000,10.8651,52.0527,0.0000,0.0000
1.8516,1.8979,0.0000,0.0000,6.9432,31.4331,0.0000,0.0000
1.7516,1.7797,0.0000,0.0000,7.0306,30.3305,0.0000,0.0000
1.4832,1.5198,0.0000,0.0000,6.6370,28.8443,0.0000,0.0000
1.3481,1.3835,0.0000,0.0000,6.2312,27.1073,0.0000,0.0000
1.2293,1.2549,0.0000,0.0000,5.7260,24.9989,0.0000,0.0000
1.1109,1.1352,0.0000,0.0000,5.0968,22.7602,0.0000,0.0000
0.9173,0.9389,0.0000,0.0000,3.8880,18.3869,0.0000,0.0000
0.8075,0.8326,0.0000,0.0000,3.1886,15.7227,0.0000,0.0000
0.7472,0.7706,0.0000,0.0000,2.7292,13.8391,0.0000,0.0000
0.8458,0.8562,0.0000,0.0000,9.7758,35.1181,0.0000,0.0000
1.0399,1.0538,0.0000,0.0000,9.9300,35.7233,0.0000,0.0000
1.2384,1.2666,0.0000,0.0000,10.8475,39.0053,0.0000,0.0000
1.4840,1.5159,0.0000,0.0000,13.3096,47.6695,0.0000,0.0000
2.2795,2.2803,0.0000,0.0000,32.6341,113.7426,0.0000,0.0000
4.0670,3.9062,0.0000,0.0000,166.4887,560.5364,0.0000,0.0000
3909.6703,3951.2450,0.0000,0.0000,35230.6679,142925.7348,0.0000,0.0000
1894.8447,1911.0082,0.0000,0.0000,57316.8523,248902.2781,0.0000,0.0000
1038.2927,1091.1900,0.0000,0.0000,28114.4370,103818.6691,0.0000,0.0000
489.7830,514.9526,0.0000,0.0000,12789.5484,47280.5636,0.0000,0.0000
318.5211,336.8020,0.0000,0.0000,8857.0621,34332.4440,0.0000,0.0000
128.2064,136.8060,0.0000,0.0000,4232.8087,18242.5248,0.0000,0.0000
48.6077,52.3757,0.0000,0.0000,2248.3864,9915.4996,0.0000,0.0000
20.3970,14.0214,0.0000,0.0000,1427.7570,2927.4164,0.0000,0.0000
20.0593,19.6882,0.0000,0.0000,667.3218,2397.5392,0.0000,0.0000
33.3674,33.8619,0.0000,0.0000,485.3219,1923.1833,0.0000,0.0000
43.4579,44.1722,0.0000,0.0000,435.6978,1914.8137,0.0000,0.0000
55.6333,56.1678,0.0000,0.0000,324.2331,1612.9781,0.0000,0.0000
55.6333,56.1678,0.0000,0.0000,324.2331,1612.9781,0.0000,0.0000
61.5757,62.4245,0.0000,0.0000,224.2153,1266.4985,0.0000,0.0000
64.9461,65.9682,0.0000,0.0000,150.1906,983.5578,0.0000,0.0000
64.2891,65.5597,0.0000,0.0000,156.9484,541.3703,0.0000,0.0000
60.8386,61.8546,0.0000,0.0000,229.0886,915.2195,0.0000,0.0000
56.5670,57.7959,0.0000,0.0000,271.4025,1117.3188,0.0000,0.0000
56.5670,57.7959,0.0000,0.0000,271.4025,1117.3188,0.0000,0.0000
49.7995,50.5688,0.0000,0.0000,307.5725,1292.1640,0.0000,0.0000
43.5871,44.2383,0.0000,0.0000,322.2015,1352.4108,0.0000,0.0000
35.6436,36.4936,0.0000,0.0000,317.4681,1314.3455,0.0000,0.0000
29.7314,30.4725,0.0000,0.0000,305.5169,1246.1048,0.0000,0.0000
19.3685,19.6606,0.0000,0.0000,251.9776,993.0816,0.0000,0.0000
16.1575,16.5979,0.0000,0.0000,224.3903,882.3174,0.0000,0.0000
12.3085,12.6583,0.0000,0.0000,182.9582,714.5542,0.0000,0.0000
10.0965,10.3933,0.0000,0.0000,152.4395,594.0220,0.0000,0.0000
8.1203,8.3644,0.0000,0.0000,122.9262,479.0975,0.0000,0.0000
6.5231,6.7295,0.0000,0.0000,99.7541,380.7243,0.0000,0.0000
4.5787,4.7394,0.0000,0.0000,62.3124,235.1577,0.0000,0.0000
3.9038,4.0472,0.0000,0.0000,51.7070,180.7959,0.0000,0.0000
3.3551,3.4624,0.0000,0.0000,36.0711,125.9401,0.0000,0.0000
2.9198,3.0414,0.0000,0.0000,24.0697,85.4448,0.0000,0.0000
2.6091,2.7222,0.0000,0.0000,15.6893,57.3573,0.0000,0.0000
2.0065,2.0994,0.0000,0.0000,8.3646,32.7084,0.0000,0.0000
1.7982,1.8830,0.0000,0.0000,9.3470,29.9434,0.0000,0.0000
1.5225,1.5959,0.0000,0.0000,10.5981,29.4958,0.0000,0.0000
1.5225,1.5959,0.0000,0.0000,10.5981,29.4958,0.0000,0.0000
1.3463,1.4008,0.0000,0.0000,11.0370,29.5198,0.0000,0.0000
1.1629,1.2100,0.0000,0.0000,11.1810,28.9594,0.0000,0.0000
0.9867,1.0266,0.0000,0.0000,9.6718,27.8146,0.0000,0.0000
0.6807,0.7168,0.0000,0.0000,9.1194,24.4764,0.0000,0.0000
0.5472,0.5768,0.0000,0.0000,7.9807,20.3008,0.0000,0.0000
0.4724,0.4983,0.0000,0.0000,7.2421,17.8925,0.0000,0.0000
0.4027,0.4206,0.0000,0.0000,6.4627,15.4045,0.0000,0.0000
0.4027,0.4206,0.0000,0.0000,6.4627,15.4045,0.0000,0.0000
0.3502,0.3699,0.0000,0.0000,5.8433,13.7672,0.0000,0.0000
0.2941,0.3074,0.0000,0.0000,5.1128,11.6500,0.0000,0.0000
0.2250,0.2353,0.0000,0.0000,4.2374,9.2635,0.0000,0.0000
0.1852,0.1937,0.0000,0.0000,3.6717,7.8219,0.0000,0.0000
0.1589,0.1663,0.0000,0.0000,1.7791,6.4039,0.0000,0.0000
0.1589,0.1663,0.0000,0.0000,1.7791,6.4039,0.0000,0.0000
0.1527,0.1598,0.0000,0.0000,1.8365,5.7187,0.0000,0.0000
0.1471,0.1546,0.0000,0.0000,2.0202,5.3016,0.0000,0.0000
0.1329,0.1402,0.0000,0.0000,2.2125,4.5051,0.0000,0.0000
0.1235,0.1305,0.0000,0.0000,2.1789,4.3226,0.0000,0.0000
0.1235,0.1219,0.0000,0.0000,2.1789,4.3226,0.0000,0.0000
0.1157,0.1219,0.0000,0.0000,2.1072,4.1309,0.0000,0.0000
0.1133,0.1206,0.0000,0.0000,2.0937,4.1099,0.0000,0.0000
0.0921,0.0979,0.0000,0.0000,1.7304,3.4655,0.0000,0.0000
0.0871,0.0917,0.0000,0.0000,1.1764,2.8749,0.0000,0.0000
0.0905,0.0952,0.0000,0.0000,0.8671,2.3787,0.0000,0.0000
0.0930,0.0979,0.0000,0.0000,0.6080,1.9592,0.0000,0.0000
0.0948,0.0997,0.0000,0.0000,0.4321,1.6994,0.0000,0.0000
0.0936,0.0985,0.0000,0.0000,0.3106,1.1893,0.0000,0.0000
0.0891,0.0937,0.0000,0.0000,0.3820,1.0477,0.0000,0.0000
0.0830,0.0873,0.0000,0.0000,0.4127,1.1330,0.0000,0.0000
0.0758,0.0801,0.0000,0.0000,0.4328,1.2103,0.0000,0.0000
0.0671,0.0709,0.0000,0.0000,0.4364,1.2364,0.0000,0.0000
0.0696,0.0697,0.0000,0.0000,4.4157,11.0417,0.0000,0.0000
0.0696,0.0697,0.0000,0.0000,4.4157,11.0417,0.0000,0.0000
0.2013,0.2047,0.0000,0.0000,3.7051,10.1567,0.0000,0.0000
0.2630,0.2692,0.0000,0.0000,2.6672,7.7629,0.0000,0.0000
0.3149,0.3240,0.0000,0.0000,1.5034,4.6550,0.0000,0.0000
0.3331,0.3438,0.0000,0.0000,0.6469,2.2493,0.0000,0.0000
0.3375,0.3490,0.0000,0.0000,0.3544,1.1266,0.0000,0.0000
0.3273,0.3393,0.0000,0.0000,0.9302,2.5823,0.0000,0.0000
0.3098,0.3217,0.0000,0.0000,1.3116,3.5685,0.0000,0.0000
0.3098,0.3217,0.0000,0.0000,1.3116,3.5685,0.0000,0.0000
0.2823,0.2936,0.0000,0.0000,1.6045,4.3289,0.0000,0.0000
0.2525,0.2614,0.0000,0.0000,1.7421,4.7027,0.0000,0.0000
0.3583,0.3687,0.0000,0.0000,0.9966,4.4846,0.0000,0.0000
0.3812,0.3937,0.0000,0.0000,0.2932,1.7993,0.0000,0.0000
0.3822,0.3962,0.0000,0.0000,1.0015,2.4242,0.0000,0.0000
0.3654,0.3797,0.0000,0.0000,1.6491,4.1077,0.0000,0.0000
0.3374,0.3497,0.0000,0.0000,2.0829,5.3211,0.0000,0.0000
0.3010,0.3141,0.0000,0.0000,2.2781,5.9278,0.0000,0.0000
0.3010,0.3141,0.0000,0.0000,2.2781,5.9278,0.0000,0.0000
0.2594,0.2712,0.0000,0.0000,2.3234,6.0721,0.0000,0.0000
0.2178,0.2281,0.0000,0.0000,2.2140,5.7899,0.0000,0.0000
0.2340,0.2424,0.0000,0.0000,0.8783,3.1336,0.0000,0.0000
0.2449,0.2549,0.0000,0.0000,0.6008,1.8499,0.0000,0.0000
0.2455,0.2563,0.0000,0.0000,0.8057,2.2017,0.0000,0.0000
0.2360,0.2475,0.0000,0.0000,1.0466,2.6294,0.0000,0.0000
0.2232,0.2347,0.0000,0.0000,1.1681,3.0649,0.0000,0.0000
0.2060,0.2170,0.0000,0.0000,1.2771,3.4397,0.0000,0.0000
0.1638,0.1730,0.0000,0.0000,1.3270,3.5927,0.0000,0.0000
0.1400,0.1480,0.0000,0.0000,1.2620,3.4228,0.0000,0.0000
0.1246,0.1307,0.0000,0.0000,1.6984,5.3852,0.0000,0.0000
0.1246,0.1307,0.0000,0.0000,1.6984,5.3852,0.0000,0.0000
0.1246,0.1312,0.0000,0.0000,1.3900,4.3797,0.0000,0.0000
0.1241,0.1311,0.0000,0.0000,1.1038,3.5105,0.0000,0.0000
0.1218,0.1290,0.0000,0.0000,0.6839,2.4500,0.0000,0.0000
0.1178,0.1256,0.0000,0.0000,0.4700,1.7760,0.0000,0.0000
0.1119,0.1188,0.0000,0.0000,0.4010,1.4304,0.0000,0.0000
0.1070,0.1141,0.0000,0.0000,0.4522,1.4358,0.0000,0.0000
0.0987,0.1045,0.0000,0.0000,1.4237,3.7984,0.0000,0.0000
0.0987,0.1040,0.0000,0.0000,0.9807,2.6830,0.0000,0.0000
0.0985,0.1029,0.0000,0.0000,0.7694,2.3642,0.0000,0.0000
0.0975,0.1029,0.0000,0.0000,0.7694,2.3642,0.0000,0.0000
0.0958,0.1013,0.0000,0.0000,0.9111,2.3306,0.0000,0.0000
0.0891,0.0956,0.0000,0.0000,1.2787,2.8198,0.0000,0.0000
0.0891,0.0956,0.0000,0.0000,1.2787,2.8198,0.0000,0.0000
0.0845,0.0909,0.0000,0.0000,1.4094,3.0701,0.0000,0.0000
0.0740,0.0806,0.0000,0.0000,1.5236,3.2913,0.0000,0.0000
0.0565,0.0627,0.0000,0.0000,1.4367,3.1092,0.0000,0.0000
0.0626,0.0673,0.0000,0.0000,2.1218,4.6157,0.0000,0.0000
0.0712,0.0763,0.0000,0.0000,1.5569,3.5440,0.0000,0.0000
0.0824,0.0873,0.0000,0.0000,0.9804,2.4583,0.0000,0.0000
0.0890,0.0934,0.0000,0.0000,0.5775,1.6250,0.0000,0.0000
0.0925,0.0968,0.0000,0.0000,0.2874,1.0877,0.0000,0.0000
0.0934,0.0975,0.0000,0.0000,0.2471,0.8668,0.0000,0.0000
0.0871,0.0908,0.0000,0.0000,0.4215,1.0159,0.0000,0.0000
0.0821,0.0855,0.0000,0.0000,0.4536,1.0801,0.0000,0.0000
0.0821,0.0855,0.0000,0.0000,0.4536,1.0801,0.0000,0.0000
0.0750,0.0777,0.0000,0.0000,0.4544,1.0713,0.0000,0.0000
0.0760,0.0786,0.0000,0.0000,1.5005,3.5813,0.0000,0.0000
0.0882,0.0905,0.0000,0.0000,1.0619,2.5185,0.0000,0.0000
0.0968,0.0995,0.0000,0.0000,0.7288,1.9444,0.0000,0.0000
0.1040,0.1087,0.0000,0.0000,0.3637,0.8670,0.0000,0.0000
0.1029,0.1064,0.0000,0.0000,0.4034,1.1513,0.0000,0.0000
0.0974,0.1009,0.0000,0.0000,0.5144,1.3396,0.0000,0.0000
0.0898,0.0932,0.0000,0.0000,0.6083,1.4876,0.0000,0.0000
0.0814,0.0846,0.0000,0.0000,0.6704,1.6188,0.0000,0.0000
0.0710,0.0738,0.0000,0.0000,0.6827,1.6484,0.0000,0.0000
0.0620,0.0645,0.0000,0.0000,0.6640,1.6002,0.0000,0.0000
0.0593,0.0615,0.0000,0.0000,0.9534,2.4123,0.0000,0.0000
0.0586,0.0609,0.0000,0.0000,0.8878,2.1640,0.0000,0.0000
0.0561,0.0586,0.0000,0.0000,0.7967,1.7257,0.0000,0.0000
0.0516,0.0544,0.0000,0.0000,0.8006,1.6578,0.0000,0.0000
0.0464,0.0489,0.0000,0.0000,0.7929,1.6725,0.0000,0.0000
0.0412,0.0435,0.0000,0.0000,0.7444,1.5961,0.0000,0.0000
0.0297,0.0315,0.0000,0.0000,0.5861,1.3077,0.0000,0.0000
0.0297,0.0315,0.0000,0.0000,0.5861,1.3077,0.0000,0.0000
0.0188,0.0201,0.0000,0.0000,1.9128,3.6963,0.0000,0.0000
0.0173,0.0180,0.0000,0.0000,1.4696,3.1997,0.0000,0.0000
0.0173,0.0180,0.0000,0.0000,1.4696,3.1997,0.0000,0.0000
0.0297,0.0307,0.0000,0.0000,1.1638,2.5965,0.0000,0.0000
0.0496,0.0528,0.0000,0.0000,1.0620,2.5283,0.0000,0.0000
0.0644,0.0676,0.0000,0.0000,0.9713,2.2528,0.0000,0.0000
0.0802,0.0851,0.0000,0.0000,0.7024,1.6015,0.0000,0.0000
0.0915,0.0967,0.0000,0.0000,0.3907,0.8906,0.0000,0.0000
0.0909,0.0962,0.0000,0.0000,0.3081,0.8030,0.0000,0.0000
0.0879,0.0928,0.0000,0.0000,0.3932,0.8891,0.0000,0.0000
0.0879,0.0928,0.0000,0.0000,0.3932,0.8891,0.0000,0.0000
0.0806,0.0853,0.0000,0.0000,0.5151,1.1494,0.0000,0.0000
0.0989,0.1038,0.0000,0.0000,1.1950,5.1782,0.0000,0.0000
0.1335,0.1383,0.0000,0.0000,0.8066,3.9497,0.0000,0.0000
0.1486,0.1544,0.0000,0.0000,0.6010,2.9037,0.0000,0.0000
0.1591,0.1660,0.0000,0.0000,0.6154,1.7949,0.0000,0.0000
0.1543,0.1612,0.0000,0.0000,0.7261,1.4533,0.0000,0.0000
0.1411,0.1476,0.0000,0.0000,0.8320,2.0793,0.0000,0.0000
0.1271,0.1322,0.0000,0.0000,0.8511,2.3457,0.0000,0.0000
0.1100,0.1144,0.0000,0.0000,0.8230,2.4557,0.0000,0.0000
0.0962,0.0999,0.0000,0.0000,0.7778,2.4153,0.0000,0.0000
0.0833,0.0864,0.0000,0.0000,2.8343,9.0677,0.0000,0.0000
0.1455,0.1466,0.0000,0.0000,2.7839,9.0583,0.0000,0.0000
0.2025,0.2054,0.0000,0.0000,2.3569,7.7330,0.0000,0.0000
0.2735,0.2800,0.0000,0.0000,0.8730,2.6391,0.0000,0.0000
0.2823,0.2899,0.0000,0.0000,0.3838,1.1099,0.0000,0.0000
0.2793,0.2872,0.0000,0.0000,0.4718,1.6209,0.0000,0.0000
0.2793,0.2872,0.0000,0.0000,0.4718,1.6209,0.0000,0.0000
0.2620,0.2691,0.0000,0.0000,0.8421,2.8799,0.0000,0.0000
0.2430,0.2509,0.0000,0.0000,1.0273,3.5201,0.0000,0.0000
0.2167,0.2241,0.0000,0.0000,1.1420,3.8884,0.0000,0.0000
0.1898,0.1965,0.0000,0.0000,1.1720,3.9367,0.0000,0.0000
0.3146,0.3240,0.0000,0.0000,5.8427,21.4200,0.0000,0.0000
0.5755,0.5896,0.0000,0.0000,3.3617,12.8240,0.0000,0.0000
0.5755,0.5896,0.0000,0.0000,3.3617,12.8240,0.0000,0.0000
0.6450,0.6642,0.0000,0.0000,1.7358,6.7140,0.0000,0.0000
0.6624,0.6814,0.0000,0.0000,1.3030,5.0638,0.0000,0.0000
0.6730,0.6962,0.0000,0.0000,0.8496,2.1498,0.0000,0.0000
0.8635,0.8819,0.0000,0.0000,10.0693,28.6469,0.0000,0.0000
1.0215,1.0487,0.0000,0.0000,8.2497,21.9565,0.0000,0.0000
1.1428,1.1778,0.0000,0.0000,6.0996,12.9185,0.0000,0.0000
1.1917,1.2319,0.0000,0.0000,4.3514,9.7451,0.0000,0.0000
1.1415,1.1842,0.0000,0.0000,2.9829,10.7586,0.0000,0.0000
1.0577,1.0989,0.0000,0.0000,4.0524,14.4096,0.0000,0.0000
0.9515,0.9898,0.0000,0.0000,4.8147,16.2405,0.0000,0.0000
0.8518,0.8806,0.0000,0.0000,5.1867,16.8254,0.0000,0.0000
0.7695,0.7996,0.0000,0.0000,7.7557,19.3397,0.0000,0.0000
0.7037,0.7282,0.0000,0.0000,6.5986,16.7710,0.0000,0.0000
0.6266,0.6531,0.0000,0.0000,5.6832,14.1798,0.0000,0.0000
0.5519,0.5719,0.0000,0.0000,5.0927,12.9645,0.0000,0.0000
0.4905,0.5085,0.0000,0.0000,4.7172,12.2156,0.0000,0.0000
0.4196,0.4392,0.0000,0.0000,4.2747,11.2830,0.0000,0.0000
0.3125,0.3279,0.0000,0.0000,3.4878,9.3933,0.0000,0.0000
0.2482,0.2608,0.0000,0.0000,2.9304,7.9721,0.0000,0.0000
0.2056,0.2162,0.0000,0.0000,2.5457,6.8930,0.0000,0.0000
0.1664,0.1751,0.0000,0.0000,1.5123,5.5015,0.0000,0.0000
0.1687,0.1760,0.0000,0.0000,3.2063,6.1492,0.0000,0.0000
0.1760,0.1864,0.0000,0.0000,2.6978,5.2038,0.0000,0.0000
0.1815,0.1955,0.0000,0.0000,2.1025,4.1057,0.0000,0.0000
0.1796,0.1954,0.0000,0.0000,1.7489,3.4992,0.0000,0.0000
0.1710,0.1877,0.0000,0.0000,1.4121,3.0621,0.0000,0.0000
0.1613,0.1786,0.0000,0.0000,1.2363,2.9542,0.0000,0.0000
0.1460,0.1626,0.0000,0.0000,1.0968,2.9025,0.0000,0.0000
0.1288,0.1429,0.0000,0.0000,1.0521,3.1334,0.0000,0.0000
0.1097,0.1230,0.0000,0.0000,1.0251,3.1420,0.0000,0.0000
0.0971,0.1078,0.0000,0.0000,1.9324,8.9946,0.0000,0.0000
0.1178,0.1295,0.0000,0.0000,1.8345,8.4512,0.0000,0.0000
0.1569,0.1716,0.0000,0.0000,2.1567,9.4165,0.0000,0.0000
0.2045,0.2231,0.0000,0.0000,2.2121,8.9232,0.0000,0.0000
0.2707,0.2943,0.0000,0.0000,1.7509,5.6390,0.0000,0.0000
0.2842,0.3084,0.0000,0.0000,1.5323,3.9243,0.0000,0.0000
0.2863,0.3103,0.0000,0.0000,1.4869,3.3247,0.0000,0.0000
0.2822,0.3048,0.0000,0.0000,1.4076,2.9107,0.0000,0.0000
0.2654,0.2866,0.0000,0.0000,1.2942,3.5335,0.0000,0.0000
0.2521,0.2708,0.0000,0.0000,3.0113,13.1346,0.0000,0.0000
0.2752,0.2987,0.0000,0.0000,2.4058,10.2315,0.0000,0.0000
0.3082,0.3338,0.0000,0.0000,1.6229,6.3393,0.0000,0.0000
0.3257,0.3535,0.0000,0.0000,1.0785,4.1032,0.0000,0.0000
0.3290,0.3577,0.0000,0.0000,0.8294,2.6528,0.0000,0.0000
0.3202,0.3485,0.0000,0.0000,0.8415,2.9723,0.0000,0.0000
0.2937,0.3201,0.0000,0.0000,1.0133,4.0585,0.0000,0.0000
0.2667,0.2892,0.0000,0.0000,1.0982,4.6123,0.0000,0.0000
0.2364,0.2582,0.0000,0.0000,1.1205,4.8131,0.0000,0.0000
0.1973,0.2158,0.0000,0.0000,1.0977,4.7363,0.0000,0.0000
0.2248,0.2271,0.0000,0.0000,4.9589,19.1399,0.0000,0.0000
0.2859,0.2989,0.0000,0.0000,4.9952,20.3714,0.0000,0.0000
0.5250,0.5576,0.0000,0.0000,3.6593,14.9829,0.0000,0.0000
0.5250,0.5576,0.0000,0.0000,3.6593,14.9829,0.0000,0.0000
0.6196,0.6527,0.0000,0.0000,2.3893,9.5262,0.0000,0.0000
0.6575,0.6943,0.0000,0.0000,1.0797,3.8984,0.0000,0.0000
0.6544,0.6925,0.0000,0.0000,0.8759,4.0581,0.0000,0.0000
0.6210,0.6583,0.0000,0.0000,1.4285,6.4423,0.0000,0.0000
0.5626,0.5942,0.0000,0.0000,1.9495,8.8448,0.0000,0.0000
0.4950,0.5270,0.0000,0.0000,2.2068,10.0603,0.0000,0.0000
0.4950,0.4505,0.0000,0.0000,2.2981,10.3860,0.0000,0.0000
0.6754,0.7171,0.0000,0.0000,12.8641,55.2099,0.0000,0.0000
1.0407,1.1094,0.0000,0.0000,10.8195,48.3447,0.0000,0.0000
1.2645,1.3508,0.0000,0.0000,8.5840,39.3889,0.0000,0.0000
1.4884,1.5936,0.0000,0.0000,5.4801,25.3391,0.0000,0.0000
1.6173,1.7359,0.0000,0.0000,3.3438,14.3846,0.0000,0.0000
1.5980,1.7182,0.0000,0.0000,2.9315,10.2910,0.0000,0.0000
1.4332,1.5534,0.0000,0.0000,5.1211,20.6022,0.0000,0.0000
1.2918,1.4049,0.0000,0.0000,5.6870,23.6469,0.0000,0.0000
1.4180,1.4864,0.0000,0.0000,30.5203,104.5054,0.0000,0.0000
2.1258,2.2206,0.0000,0.0000,30.8319,105.3870,0.0000,0.0000
2.7134,2.8645,0.0000,0.0000,24.6623,85.6416,0.0000,0.0000
3.2653,3.4247,0.0000,0.0000,14.1873,54.5619,0.0000,0.0000
3.3791,3.5548,0.0000,0.0000,8.7937,38.8485,0.0000,0.0000
3.3931,3.5470,0.0000,0.0000,7.0859,32.8793,0.0000,0.0000
3.3931,3.5122,0.0000,0.0000,7.0859,28.3656,0.0000,0.0000
3.2339,3.3831,0.0000,0.0000,7.4027,32.9311,0.0000,0.0000
4.5364,5.8045,0.0000,0.0000,104.7720,291.3452,0.0000,0.0000
5.7081,5.8045,0.0000,0.0000,95.9522,291.3452,0.0000,0.0000
7.4980,7.6744,0.0000,0.0000,76.9113,230.1158,0.0000,0.0000
8.5428,8.7827,0.0000,0.0000,49.9089,146.8504,0.0000,0.0000
9.0101,9.2462,0.0000,0.0000,36.6840,117.6904,0.0000,0.0000
9.2766,9.5777,0.0000,0.0000,19.6975,72.0103,0.0000,0.0000
8.4319,8.7421,0.0000,0.0000,32.9140,120.4249,0.0000,0.0000
8.4319,7.5566,0.0000,0.0000,32.9140,152.6357,0.0000,0.0000
7.2753,7.5566,0.0000,0.0000,44.1338,152.6357,0.0000,0.0000
5.9931,6.0029,0.0000,0.0000,140.8852,389.9640,0.0000,0.0000
8.9062,9.1534,0.0000,0.0000,125.2004,354.5256,0.0000,0.0000
11.4446,11.6413,0.0000,0.0000,89.7412,267.5519,0.0000,0.0000
13.1089,13.4413,0.0000,0.0000,37.4743,149.7859,0.0000,0.0000
13.4070,13.7498,0.0000,0.0000,17.1158,83.4309,0.0000,0.0000
12.9619,13.2752,0.0000,0.0000,46.0121,143.9735,0.0000,0.0000
12.0715,12.4248,0.0000,0.0000,63.2936,181.5169,0.0000,0.0000
10.6291,10.9608,0.0000,0.0000,74.6130,202.9187,0.0000,0.0000
8.9807,9.1819,0.0000,0.0000,76.4390,210.3066,0.0000,0.0000
7.1462,7.3823,0.0000,0.0000,70.2359,198.6192,0.0000,0.0000
5.6756,5.8663,0.0000,0.0000,61.2320,177.4556,0.0000,0.0000
8.3471,8.3703,0.0000,0.0000,118.8103,346.6739,0.0000,0.0000
12.5960,12.8178,0.0000,0.0000,45.4274,164.9293,0.0000,0.0000
12.5960,12.8178,0.0000,0.0000,45.4274,164.9293,0.0000,0.0000
13.3986,13.7114,0.0000,0.0000,18.3482,115.6298,0.0000,0.0000
13.2190,13.5215,0.0000,0.0000,53.4658,152.1542,0.0000,0.0000
12.3874,12.7218,0.0000,0.0000,76.4271,174.8257,0.0000,0.0000
11.0298,11.3410,0.0000,0.0000,91.0494,202.1535,0.0000,0.0000
9.6119,9.8031,0.0000,0.0000,92.8331,214.7433,0.0000,0.0000
8.2297,8.4647,0.0000,0.0000,86.7453,213.3486,0.0000,0.0000
6.7558,6.8696,0.0000,0.0000,75.1847,196.7029,0.0000,0.0000
7.9908,7.9343,0.0000,0.0000,140.6143,475.7746,0.0000,0.0000
11.1441,11.1644,0.0000,0.0000,134.5903,519.6985,0.0000,0.0000
14.4933,14.6505,0.0000,0.0000,105.6445,454.7856,0.0000,0.0000
15.9850,16.2847,0.0000,0.0000,71.1316,368.7645,0.0000,0.0000
16.3703,16.6860,0.0000,0.0000,60.9120,307.6079,0.0000,0.0000
16.0392,16.3760,0.0000,0.0000,89.0453,317.5499,0.0000,0.0000
15.3291,15.6491,0.0000,0.0000,109.5485,316.4918,0.0000,0.0000
13.5877,13.8523,0.0000,0.0000,132.6671,326.8676,0.0000,0.0000
12.4652,12.6920,0.0000,0.0000,134.6795,363.4470,0.0000,0.0000
11.9419,12.1301,0.0000,0.0000,130.6576,352.2550,0.0000,0.0000
19.7397,19.4311,0.0000,0.0000,568.9921,1919.6303,0.0000,0.0000
31.0257,30.6890,0.0000,0.0000,678.3555,2361.1186,0.0000,0.0000
64.2839,63.5345,0.0000,0.0000,1293.5707,4065.1949,0.0000,0.0000
64.2839,63.5345,0.0000,0.0000,1293.5707,4065.1949,0.0000,0.0000
104.3051,104.8447,0.0000,0.0000,2984.4755,8351.5309,0.0000,0.0000
265.1014,234.0848,0.0000,0.0000,50841.0494,141131.1506,0.0000,0.0000
432.1810,442.5200,0.0000,0.0000,6363.4206,25572.5118,0.0000,0.0000
286.6960,295.7887,0.0000,0.0000,8577.1502,24549.0778,0.0000,0.0000
153.7086,158.8578,0.0000,0.0000,7475.2386,17508.5944,0.0000,0.0000
103.8708,105.9350,0.0000,0.0000,8321.3636,18576.9530,0.0000,0.0000
72.6873,73.3893,0.0000,0.0000,3863.1883,14831.1238,0.0000,0.0000
27.7297,28.8502,0.0000,0.0000,1130.5965,4376.7232,0.0000,0.0000
41.6565,40.6074,0.0000,0.0000,2371.8273,6964.1770,0.0000,0.0000
465.5628,567.2991,0.0000,0.0000,31973.5540,105960.0020,0.0000,0.0000
301.5831,311.8728,0.0000,0.0000,12112.6189,29765.4862,0.0000,0.0000
193.5729,195.5028,0.0000,0.0000,8562.1212,27061.2690,0.0000,0.0000
118.9775,119.9454,0.0000,0.0000,3220.3221,13419.1109,0.0000,0.0000
88.8807,89.3728,0.0000,0.0000,1247.4042,6719.8762,0.0000,0.0000
76.2603,76.3991,0.0000,0.0000,484.0433,3030.2973,0.0000,0.0000
58.3152,62.7659,0.0000,0.0000,6245.1269,15136.7158,0.0000,0.0000
25.2401,27.2832,0.0000,0.0000,3035.2252,7264.5336,0.0000,0.0000
26.4786,26.7674,0.0000,0.0000,867.0933,2195.6625,0.0000,0.0000
35.4990,36.4233,0.0000,0.0000,474.7848,1899.3906,0.0000,0.0000
45.1393,46.2035,0.0000,0.0000,1326.1664,2975.1094,0.0000,0.0000
49.0122,49.9218,0.0000,0.0000,1652.9878,4035.1874,0.0000,0.0000
52.8322,53.6929,0.0000,0.0000,1607.0181,4220.4022,0.0000,0.0000
69.3864,70.5038,0.0000,0.0000,3529.8123,8654.5629,0.0000,0.0000
432.6878,389.0119,0.0000,0.0000,42525.8811,133852.3883,0.0000,0.0000
50.3751,52.3256,0.0000,0.0000,3961.8506,8036.4647,0.0000,0.0000
39.2325,39.3154,0.0000,0.0000,2981.3734,5825.5769,0.0000,0.0000
57.1888,57.8197,0.0000,0.0000,4275.9852,11237.1896,0.0000,0.0000
57.1888,323.9365,0.0000,0.0000,4275.9852,116422.5818,0.0000,0.0000
1266.0358,1300.5850,0.0000,0.0000,12113.2687,57872.5250,0.0000,0.0000
877.1279,905.0880,0.0000,0.0000,12253.9995,51293.9087,0.0000,0.0000
665.5741,692.7771,0.0000,0.0000,12804.2089,48745.8870,0.0000,0.0000
263.7253,272.4419,0.0000,0.0000,12088.0857,28857.9712,0.0000,0.0000
